	1	2	3	4	5	6	7	8	9	10	11	12	13	14	15	16	17	18	19	20	21	22	23	24	25	26	27	28	29	30	31	32	33	34	35	36	37	
year	band	exclude	soc_un	soc_box	soc_ubox	soc_uby	laid_un	laid_box	laid_ubox	laid_uby	lay_clutch	gen_dad_uby	soc_ci	gen_ci	sex	in_xfost_exp	raised_nest	soc_mom	gen_mom	soc_dad_raised	soc_dad_laid	gen_dad	d12_mass	d12_wing	d12_head	d12_bgluc	d12_sgluc	d12_dgluc	d15_acgluc	d12_lat	d12_time_mins	d15_mass	d15_time_mins	d12_base	d12_stress	d12_dex	d15_acth	note
2018	156181149		1	12	1_12	1_12_2018	1	12	1_12	1_12_2018	6	1_12_2018	138	138	M	yes	home	272107794	272107794	272107345	272107345	272107345	20.5	49.5	26					150	767	20.5	561	2.6	47.5	7	21	
2018	156181148		1	12	1_12	1_12_2018	1	12	1_12	1_12_2018	6	1_32_2018	138	132	F	yes	home	272107794	272107794	272107345	272107345	88004790	16.5	43	23.4					171	767	16.5	561	19.6	78.6	10.4	29.7	
2018	156181146		1	12	1_12	1_12_2018	1	12	1_12	1_12_2018	6	1_32_2018	138	132	F	yes	home	272107794	272107794	272107345	272107345	88004790	16.5	45	24.8					87	767	18.5	561	3.7	51.2	22.6	35.1	
2018	156181147		1	12	1_12	1_12_2018	1	12	1_12	1_12_2018	6	1_32_2018	138	132	M	yes	home	272107794	272107794	272107345	272107345	88004790	17.5	44	25.2					144	767	17.5	561	0.8	59.7	11.1	40.2	
2018	156181145		1	12	1_12	1_12_2018	1	12	1_12	1_12_2018	6	1_32_2018	138	132	M	yes	home	272107794	272107794	272107345	272107345	88004790	8	31	22.5					96	767			26.9	20.3			
2018	272107695		1	121	1_121	1_121_2018	1	121	1_121	1_121_2018	6		134		F	yes	home	272107750	272107750	272106615	272106615		13.5	25	21.5					180	754	14.25	544	5.1	9.5		45.8	
2018	272107694		1	121	1_121	1_121_2018	1	69	1_69	1_69_2018	5		134		F	yes	cross	272107750	272107808	272106615	185746899		13	26	21.8					177	754	16	544	8.3	14.1	3.2	16.8	
2018	272107827		1	17	1_17	1_17_2018	1	17	1_17	1_17_2018	5	1_32_2018	138	132	M	yes	home	272107153	272107153	156181128	156181128	88004790	13.8	33	22.6					117	778			2.7	35	7.8		
2018	272107828		1	17	1_17	1_17_2018	1	17	1_17	1_17_2018	5	1_17_2018	138	138	M	yes	home	272107153	272107153	156181128	156181128	156181128	11.8	30	22					167	778			2	11.2	4.9		
2018	272107826		1	17	1_17	1_17_2018	1	85	1_85	1_85_2018	5	1_85_2018	136	136	M	yes	cross	272107153	272106711	156181128	272107529	272107529	13	31	21.1					48	778			2.1	9.4	4.3		
2018	272107899		1	17	1_17	1_17_2018	1	85	1_85	1_85_2018	5	1_85_2018	136	136	F	yes	cross	272107153	272106711	156181128	272107529	272107529	9	27	23.2					69	778			22.4	7.3			
2018	272106829		1	32	1_32	1_32_2018	1	32	1_32	1_32_2018	5	1_121_2018	132	134	M	yes	home	272107802	272107802	88004790	88004790	272106615	24.3	46	26.4					40	860	19.5	650	3	6.5	3.6	11.2	
2018	272106831		1	32	1_32	1_32_2018	1	32	1_32	1_32_2018	5	1_32_2018	132	132	F	yes	home	272107802	272107802	88004790	88004790	88004790	23.3	43	25					85	860	15.5	650	1.3	2.3	4	11.3	
2018	272106830		1	32	1_32	1_32_2018	2	6	2_6	2_6_2018	6	2_6_2018	132	132	F	yes	cross	272107802	272106901	88004790	272107696	272107696	21.5	47	25.3					65	860	16.5	650	0.9	6	5.7	13.3	
2018	272106828		1	32	1_32	1_32_2018	2	6	2_6	2_6_2018	6	2_6_2018	132	132	F	yes	cross	272107802	272106901	88004790	272107696	272107696	19.5	38	24.9					40	860	16	650	3.8	2.6	3.8	18.9	
2018	272106827		1	32	1_32	1_32_2018	2	6	2_6	2_6_2018	6		132		F	yes	cross	272107802	272106901	88004790	272107696		15.5	30	22					30	860	12.5	650	1.8	2.4	3.2	19.8	
2018	272107849		1	48	1_48	1_48_2018	1	48	1_48	1_48_2018	5	1_48_2018	146	146	F	yes	home	272107814	272107814	272106628	272106628	272106628	18	53	26.1					61	728	14.25	572	1.3	18.4	5.2	10.1	
2018	272107850		1	48	1_48	1_48_2018	1	48	1_48	1_48_2018	5	1_48_2018	146	146	F	yes	home	272107814	272107814	272106628	272106628	272106628	19	54	25.3					114	728	14.75	572	5	12	11.8	10.7	
2018	272107847		1	48	1_48	1_48_2018	1	48	1_48	1_48_2018	5	1_301_2018	146	133	F	yes	home	272107814	272107814	272106628	272106628	272107009	19.3	54	26.2					81	728	15.75	572	1.4	44.1	7.6	11.6	
2018	272107848		1	48	1_48	1_48_2018	1	48	1_48	1_48_2018	5	1_48_2018	146	146	F	yes	home	272107814	272107814	272106628	272106628	272106628	18	51	25.8					85	728	15.5	572	4.7	34.8	4.6	12.5	
2018	272106961		1	75	1_75	1_75_2018	1	104	1_104	1_104_2018	4		138		F	yes	cross	272107699	272107790	272107825	unk		13	40	25.3					68	787	13	570	3.6	4.1	2.1	6.8	
2018	272106959		1	75	1_75	1_75_2018	1	104	1_104	1_104_2018	4		138		M	yes	cross	272107699	272107790	272107825	unk		16.3	43	24.7					68	787	14.75	570	5.6	18.3	2.4	17.1	
2018	272106960		1	75	1_75	1_75_2018	1	75	1_75	1_75_2018	6	1_75_2018	138	138	F	yes	home	272107699	272107699	272107825	272107825	272107825	18	47	20.9					68	787	18.5	570	2.7	12.7	3.5	6	
2018	272106962		1	75	1_75	1_75_2018	1	75	1_75	1_75_2018	6	1_75_2018	138	138	F	yes	home	272107699	272107699	272107825	272107825	272107825	21	47	25.9					68	787	16	570	2.5	16.9	4.2	7.5	
2018	272106958		1	75	1_75	1_75_2018	1	75	1_75	1_75_2018	6		138		M	yes	home	272107699	272107699	272107825	272107825		13	31	24.5					68	787	13.5	570	0.8	1.2	3.4	11.8	
2018	272107277		1	81	1_81	1_81_2018	1	81	1_81	1_81_2018	5	1_81_2018	133	133	F	yes	home	232146953	232146953	262125966	262125966	262125966	19.8	54	25.7					179	779	15.5	549	6.7	47.2	9.2	7.2	
2018	272107280		1	81	1_81	1_81_2018	1	81	1_81	1_81_2018	5	1_81_2018	133	133	F	yes	home	232146953	232146953	262125966	262125966	262125966	19.8	54	25.9					146	779	14	549	2.5	16.2	10.4	13.8	
2018	272107278		1	81	1_81	1_81_2018	1	91	1_91	1_91_2018	5	1_91_2018	133	133	F	yes	cross	232146953	272107809	262125966	272107634	272107634	20.5	52	26					103	779	17	549	3.1	20.5	4.7	4.5	
2018	272107276		1	81	1_81	1_81_2018	1	91	1_91	1_91_2018	5	1_91_2018	133	133	F	yes	cross	232146953	272107809	262125966	272107634	272107634	19.5	48	24.4					130	779	16	549	3.7	46.3	3.6	7.1	
2018	272107279		1	81	1_81	1_81_2018	1	91	1_91	1_91_2018	5	1_91_2018	133	133	F	yes	cross	232146953	272107809	262125966	272107634	272107634	18.5	45	24.1					176	779	13.5	549	3	37.3	6.1	19.7	
2018	272107831		1	85	1_85	1_85_2018	1	17	1_17	1_17_2018	5	1_17_2018	138	138	F	yes	cross	272106711	272107153	272107529	156181128	156181128	20.5	53	24.7					110	777	14.5	588	2.5	20.5	11.8	14.2	
2018	272107833		1	85	1_85	1_85_2018	1	17	1_17	1_17_2018	5	1_32_2018	138	132	M	yes	cross	272106711	272107153	272107529	156181128	88004790	23	55	27.7					99	777	17.25	588	5.9	25.3	11.7	23.6	
2018	272107830		1	85	1_85	1_85_2018	1	85	1_85	1_85_2018	5	1_85_2018	136	136	F	yes	home	272106711	272106711	272107529	272107529	272107529	20	51	25.3					45	777	14.75	588	2.6	20.5	11.2	20.7	
2018	272107832		1	85	1_85	1_85_2018	1	85	1_85	1_85_2018	5	1_85_2018	136	136	M	yes	home	272106711	272106711	272107529	272107529	272107529	21.5	56	25.7					87	777	15.25	588	3.3	28.9	15.9	27.2	
2018	272107271		1	91	1_91	1_91_2018	1	81	1_81	1_81_2018	5	1_81_2018	133	133	M	yes	cross	272107809	232146953	272107634	262125966	262125966	18.3	49	24.2					81	725	14.5	603	1.3	29.4	8.8	6.3	
2018	272107275		1	91	1_91	1_91_2018	1	81	1_81	1_81_2018	5	1_81_2018	133	133	M	yes	cross	272107809	232146953	272107634	262125966	262125966	20.5	48	24.7					111	725	20	603	0.5	39.9	3.5	12.5	
2018	272107272		1	91	1_91	1_91_2018	1	81	1_81	1_81_2018	5		133		F	yes	cross	272107809	232146953	272107634	262125966		20	49	25.4					122	725	17.5	603	3.3	28.2	5.1	15	
2018	272107274		1	91	1_91	1_91_2018	1	91	1_91	1_91_2018	5	1_91_2018	133	133	F	yes	home	272107809	272107809	272107634	272107634	272107634	19	42	24.8					128	725	16.5	603	7.6	24.8	7	2.5	
2018	272107273		1	91	1_91	1_91_2018	1	91	1_91	1_91_2018	5	1_85_2018	133	136	F	yes	home	272107809	272107809	272107634	272107634	272107529	19.5	44	24.1					83	725	16.5	603	0.5	13		19.3	
2018	272106851		2	102	2_102	2_102_2018	2	102	2_102	2_102_2018	6		136		F	yes	home	272107811	272107811	272106915	272106915		17.8	41	24.2					110	751	18.4	575	2.6	7	1.3	13	
2018	272106852		2	102	2_102	2_102_2018	2	102	2_102	2_102_2018	6		136		F	yes	home	272107811	272107811	272106915	272106915		18.5	42	24.7					96	751	17.7	575	0.5	0.5	1.6	35.3	
2018	272106854		2	102	2_102	2_102_2018	2	102	2_102	2_102_2018	6	2_102_2018	136	136	M	yes	home	272107811	272107811	272106915	272106915	272106915	19	42	25.4					76	751	20.2	575	0.5	2.3	2.6	56.5	
2018	272106853		2	102	2_102	2_102_2018	2	102	2_102	2_102_2018	6	2_102_2018	136	136	F	yes	home	272107811	272107811	272106915	272106915	272106915	11	28	22.3						733	13.7	575		0.7			
2018	272106856		2	102	2_102	2_102_2018	2	30	2_30	2_30_2018	4	2_30_2018	136	136	M	yes	cross	272107811	272106613	272106915	272107257	272107257	22	56	25.8					163	751	19.2	575	0.5	6	4.5	23.6	
2018	272107436		2	103	2_103	2_103_2018	2	103	2_103	2_103_2018	6		133		F	yes	home	272106908	272106908	272106664	272106664		19.8	41	25.9					70	772	17.5	652	4.6	38.9	2.5	7.4	
2018	272107437		2	103	2_103	2_103_2018	2	103	2_103	2_103_2018	6		133		M	yes	home	272106908	272106908	272106664	272106664		21	43	26.3					161	772	17.75	652	0.5		4.4	9	
2018	272107434		2	103	2_103	2_103_2018	2	103	2_103	2_103_2018	6		133		F	yes	home	272106908	272106908	272106664	272106664		10.7	22	21.6					131	772	7.5	652	2.9				
2018	272107439		2	103	2_103	2_103_2018	2	103	2_103	2_103_2018	6		133		F	yes	home	272106908	272106908	272106664	272106664		12.6	24	22.3					132	772	7.25	652	0.5	18.8	111.7		
2018	272107435		2	103	2_103	2_103_2018	2	114	2_114	2_114_2018	6		133		M	yes	cross	272106908	272107217	272106664	unk		19.5	38	24.1					64	772	18	652	3.1	28	2.3	8.5	
2018	272107433		2	103	2_103	2_103_2018	2	114	2_114	2_114_2018	6		133		M	yes	cross	272106908	272107217	272106664	unk		17.6	34	23.6					95	772	14	652	52.1	25.8	3.2	16.4	
2018	272106825		2	109	2_109	2_109_2018	2	105	2_105	2_105_2018	7	Unknown	129		F	yes	cross	272107739	272107016	272107688	unk	263114244	20	39	24.1					170	809	17.8	571	3.1	18.1	1	19.9	
2018	272106826		2	109	2_109	2_109_2018	2	105	2_105	2_105_2018	7	Unknown	129		M	yes	cross	272107739	272107016	272107688	unk	263114244	18.6	31	20.9					110	809	18	571	0.8	55.3	4.7	23.8	
2018	156181144		2	112	2_112	2_112_2018	2	112	2_112	2_112_2018	6	2_112_2018	132	132	F	yes	home	272106903	272106903	272107690	272107690	272107690	21.5	51.5	25.4					114	878	18.75	632	0.5	13.3	4.4	21.8	
2018	156181142		2	112	2_112	2_112_2018	2	67	2_67	2_67_2018	5	Unknown	132		F	yes	home	272106903	272107749	272107690	272107697	263114244	23	53	25.7					115	878	19	632	1.3	27.1	2.4	11.4	
2018	156181143		2	112	2_112	2_112_2018	2	68	2_68	2_68_2018	3		130		F	yes	cross	272106903	272106733	272107690	272106916		20.5	47	24.9					90	878	18.5	632	1.3	18.1	1.7	14.7	
2018	156181141		2	114	2_114	2_114_2018	2	103	2_103	2_103_2018	6		133		F	yes	cross	272107217	272106908	unk	272106664		12	26	21.8					144	870	10.5	632	0.5	0.5	1.2		
2018	272107459		2	117	2_117	2_117_2018	2	117	2_117	2_117_2018	6	2_124_2018	137	129	F	yes	home	272106913	272106913	263114341	263114341	272107503	16	47	24.2					59	767	12	663	2.7	13.9	4.4	14.1	
2018	272107457		2	117	2_117	2_117_2018	2	117	2_117	2_117_2018	6	2_122_2018	137	126	M	yes	home	272106913	272106913	263114341	263114341	262126015	19	47	24.8					137	767	18.1	663	2	8.5	2.7	19.2	
2018	272107456		2	117	2_117	2_117_2018	2	117	2_117	2_117_2018	6	2_124_2018	137	129	M	yes	home	272106913	272106913	263114341	263114341	272107503	14.8	35	23					59	767	14.1	663	0.9	1.8	1.8		
2018	272107460		2	117	2_117	2_117_2018	2	77	2_77	2_77_2018	6		137		M	yes	cross	272106913	272107786	263114341	272107788		22	48	25.8					136	767	20.4	663	3	17.4	10.1	15.8	
2018	272107454		2	117	2_117	2_117_2018	2	77	2_77	2_77_2018	6	2_109_2018	137	129	M	yes	cross	272106913	272107786	263114341	272107788	272107688	22.3	54	25.1					48	767	19.8	663	2.9	15.9	4.2	22.5	
2018	221707455		2	117	2_117	2_117_2018	2	77	2_77	2_77_2018	6	2_77_2018	137	137	M	yes	cross	272106913	272107786	263114341	272107788	272107788																
2018	272106836		2	12	2_12	2_12_2018	2	12	2_12	2_12_2018	6	2_12_2018	132	132	M	yes	home	272107748	272107748	272107816	272107816	272107816	19	48	25.4					81	769	13.5	589	0.5	2.9	2.7	24.9	
2018	272106839		2	12	2_12	2_12_2018	2	12	2_12	2_12_2018	6	2_12_2018	132	132	M	yes	home	272107748	272107748	272107816	272107816	272107816	21	55	26.1					50	769	16.25	589	4.8	1.7	1.6	34.9	
2018	272106841		2	12	2_12	2_12_2018	2	12	2_12	2_12_2018	6	2_12_2018	132	132	M	yes	home	272107748	272107748	272107816	272107816	272107816	19.3	54	24.5					141	769	16	589	6.2	2.6	2.8	46.8	
2018	272106842		2	12	2_12	2_12_2018	2	8	2_8	2_8_2018	6	2_12_2018	132	132	F	yes	cross	272107748	272106902	272107816	272107789	272107816	20.5	57	24.9					140	769	17.25	589	2.7	4.9	3.1	19.9	
2018	272106840		2	12	2_12	2_12_2018	2	8	2_8	2_8_2018	6	2_22_2018	132	131	M	yes	cross	272107748	272106902	272107816	272107789	263113739	22.5	54	25.7					150	769	17.75	589	3.9	15	11.4	35.4	
2018	272106838		2	12	2_12	2_12_2018	2	8	2_8	2_8_2018	6	2_8_2018	132	132	M	yes	cross	272107748	272106902	272107816	272107789	272107789	23.5	67	26					88	769	17.25	589	1	3.6	8.8	45.3	
2018	272106860		2	121	2_121	2_121_2018	2	102	2_102	2_102_2018	6		136		F	yes	cross	272107112	272107811	262126051	272106915		14.3	35	24.4					171	799	11.9	618	0.8	1.3	3.2	22.3	
2018	272106862		2	121	2_121	2_121_2018	2	102	2_102	2_102_2018	6	2_102_2018	136	136	M	yes	cross	272107112	272107811	262126051	272106915	272106915	14	36	23.2					157	799	12.3	618	0.5	2.6	1.5	22.9	
2018	272106857		2	121	2_121	2_121_2018	2	121	2_121	2_121_2018	6	2_121_2018	135	135	F	yes	home	272107112	272107112	262126051	262126051	262126051	14.3	31	23.9					175	799	15.2	618	1.5	3.7	3.3	14.4	
2018	272106858		2	121	2_121	2_121_2018	2	121	2_121	2_121_2018	6	2_121_2018	135	135	M	yes	home	272107112	272107112	262126051	262126051	262126051	14.5	30.5	23.2					102	799	10.8	618	0.5	1.1	2.7	16.8	
2018	272106859		2	121	2_121	2_121_2018	2	121	2_121	2_121_2018	6		135		M	yes	home	272107112	272107112	262126051	262126051		19.8	29	24.4					114	799	18.4	618	1.1	0.5	0.5	38.6	
2018	272106861		2	121	2_121	2_121_2018	2	121	2_121	2_121_2018	6	2_121_2018	135	135	M	yes	home	272107112	272107112	262126051	262126051	262126051	17.3	40	23.7					68	799		618	2.1	2.2	1.5		
2018	272107823		2	124	2_124	2_124_2018	2	109	2_109	2_109_2018	6		129		F	yes	cross	272108041	272107739	unk	272107688		18.8	40	25.5					66	813	17.25	623	0.5	7.1	3.4	15.4	
2018	272107824		2	124	2_124	2_124_2018	2	124	2_124	2_124_2018	6		129		M	yes	home	272108041	272108041	unk	unk		18.8	40	23.5					106	813	18	623	0.5	4.4	1.9	32.2	
2018	156181131		2	14	2_14	2_14_2018	2	14	2_14	2_14_2018	5	Unknown	133		F	yes	home	272106905	272106905	272107762	272107762	272107762	20	43	25.1					161	881	16.5		1.6	12.5	10.8	41.7	
2018	156181130		2	14	2_14	2_14_2018	2	14	2_14	2_14_2018	5	Unknown	133		M	yes	home	272106905	272106905	272107762	272107762	272107762	21.8	43	24.4					112	881	18.5		2.8	36.3	15	44.9	
2018	156181129		2	14	2_14	2_14_2018	2	18	2_18	2_18_2018	6	2_18_2018	133	133	M	yes	cross	272106905	272106817	272107762	272107800	272107800										17.75	590				20.8	
2018	272107288		2	18	2_18	2_18_2018	2	14	2_14	2_14_2018	5	Unknown	133		M	yes	cross	272106817	272106905	272107800	272107762	272107762	23	52	27.1					71	792	19.2	547	6.7	19.5	7.2	27	
2018	272107284		2	18	2_18	2_18_2018	2	14	2_14	2_14_2018	5	Unknown	133		F	yes	cross	272106817	272106905	272107800	272107762	272107762	18	59	26.2					170	792	20.1	547	1.2	11.7	20.1	76.8	
2018	272107286		2	18	2_18	2_18_2018	2	18	2_18	2_18_2018	6	2_22_2018	133	131	M	yes	home	272106817	272106817	272107800	272107800	263113739	17	50	25.6					146	792	18.8	547	1.9	62.8	2.7	21.9	
2018	272107287		2	18	2_18	2_18_2018	2	18	2_18	2_18_2018	6	2_18_2018	133	133	F	yes	home	272106817	272106817	272107800	272107800	272107800	20	56	26					57	792	19.6	547	13.2	9.5	5.4	27.8	
2018	272107289		2	18	2_18	2_18_2018	2	18	2_18	2_18_2018	6		133		M	yes	home	272106817	272106817	272107800	272107800		20	49	27.2					145	792	19.4	547	4	67.3	3.1	57.2	
2018	272107285		2	18	2_18	2_18_2018	2	18	2_18	2_18_2018	6	2_18_2018	133	133	F	yes	home	272106817	272106817	272107800	272107800	272107800	9.8	26	23.1						792	12.7	547		7.3			
2018	156181134		2	2	2_2	2_2_2018	2	2	2_2	2_2_2018	5	2_2_2018	134	134	M	yes	home	272107807	272107807	272107817	272107817	272107817	19.5	53	25.4					103	736	18	555	0.5	32	3.4	31.8	
2018	156181132		2	2	2_2	2_2_2018	2	2	2_2	2_2_2018	5		134		M	yes	home	272107807	272107807	272107817	272107817		20	53	25.4					79	736	16.5	555	1.1	5.6	3.6	36.2	
2018	156181136		2	2	2_2	2_2_2018	2	2	2_2	2_2_2018	5		134		F	yes	home	272107807	272107807	272107817	272107817		17	40	25					152	736	13.5	555	0.9	34.9	3.6	37.3	
2018	156181135		2	2	2_2	2_2_2018	2	27	2_27	2_27_2018	6		134		F	yes	cross	272107807	272107297	272107817	unk		23.3	53	26.3					81	736	19.75	555	1.6	11.6	2.9	22.2	
2018	156181133		2	2	2_2	2_2_2018	2	27	2_27	2_27_2018	6	2_22_2018	134	131	F	yes	cross	272107807	272107297	272107817	unk	263113739	20	52.5	25.6					143	736	16.5	555	0.5	7.7		23.2	
2018	156181140		2	21	2_21	2_21_2018	2	21	2_21	2_21_2018	6		132		F	yes	home	88004754	88004754	272107530	272107530		13.8	35	23.3					133	811			24.5	55	4.2		
2018	156181137		2	21	2_21	2_21_2018	2	51	2_51	2_51_2018	5	2_21_2018	132	132	M	yes	cross	88004754	272107801	272107530	272107689	272107530	15.5	46	25					132	811	14.75	605	9.9	48.2	4.9	35.3	
2018	156181138		2	21	2_21	2_21_2018	2	51	2_51	2_51_2018	5	2_21_2018	132	132	F	yes	cross	88004754	272107801	272107530	272107689	272107530	19	46	23.7					160	811			4.7	32.1	2.1		
2018	156181139		2	21	2_21	2_21_2018	2	51	2_51	2_51_2018	5	2_51_2018	132	132	F	yes	cross	88004754	272107801	272107530	272107689	272107689	15	40	24.9						811				38.8	7.1		
2018	272106895		2	22	2_22	2_22_2018	2	22	2_22	2_22_2018	5		131		F	yes	home	272106635	272106635	263113739	263113739		20.3	49	24.8					47	756	18.5	621	1.4	13.2	5.6	28.2	
2018	272106894		2	22	2_22	2_22_2018	2	22	2_22	2_22_2018	5	2_22_2018	131	131	F	yes	home	272106635	272106635	263113739	263113739	263113739	15.2	45.5	24.7					61	756	16.5	621	0.9	17.1	2.1	29.7	
2018	272106890		2	22	2_22	2_22_2018	2	22	2_22	2_22_2018	5	2_22_2018	131	131	F	yes	home	272106635	272106635	263113739	263113739	263113739	17.8	47.5	25.2					91	756	17	621	0.9	11.1	2.7	30.7	
2018	272106893		2	22	2_22	2_22_2018	2	68	2_68	2_68_2018	3	2_68_2018	130	130	M	yes	cross	272106635	272106733	263113739	272106916	272106916	20.2	51	25					74	756	18.5	621	1.3	33	4.4	19	
2018	272106891		2	22	2_22	2_22_2018	2	68	2_68	2_68_2018	3	2_68_2018	130	130	M	yes	cross	272106635	272106733	263113739	272106916	272106916	20.2	47.5	24.9					112	756	19.5	621	1.7	33.3	3.8	36.7	
2018	272107283		2	27	2_27	2_27_2018	2	27	2_27	2_27_2018	6	2_12_2018	134	132	F	yes	home	272107297	272107297	unk	unk	272107816	14.8	25	21.5					82	747	19.4	598	2.3	4		80.7	
2018	272107281		2	30	2_30	2_30_2018	2	121	2_121	2_121_2018	6		135		F	yes	cross	272106613	272107112	272107257	262126051		23.5	48	25.8					74	734	22	598	3.5	3.7	2.1	23.2	
2018	272107282		2	30	2_30	2_30_2018	2	30	2_30	2_30_2018	4	2_30_2018	136	136	M	yes	home	272106613	272106613	272107257	272107257	272107257	23.5	51	25.2					116	734	19.7	598	3.4	27.5	4.1	28.6	
2018	272106845		2	34	2_34	2_34_2018	2	32	2_32	2_32_2018	6		133		F	yes	cross	272107805	272107804	272107815	unk		15.3	33	22.8					118	830	13.75	545	1.2	3.7	4.1	32	
2018	272106844		2	34	2_34	2_34_2018	2	32	2_32	2_32_2018	6		133		M	yes	cross	272107805	272107804	272107815	unk		21.5	47	24.8					150	830	17.5	545	0.9	2.5	3	43	
2018	272106837		2	34	2_34	2_34_2018	2	32	2_32	2_32_2018	6		133		M	yes	cross	272107805	272107804	272107815	unk		18	42	23.2					98	830	16	545	6.3	3	3.3	49.5	
2018	272106843		2	34	2_34	2_34_2018	2	34	2_34	2_34_2018	5	2_30_2018	133	136	F	yes	home	272107805	272107805	272107815	272107815	272107257	20.5	44	24.1					70	830	15.25	545	1.2	2.3	2.7	39	
2018	272107845		2	37	2_37	2_37_2018	2	37	2_37	2_37_2018	5		142		F	yes	home	272106795	272106795	272106957	272106957		19	52	25						755	18.5	549		48.4		103.6	
2018	272107843		2	37	2_37	2_37_2018	2	37	2_37	2_37_2018	5		142		M	yes	home	272106795	272106795	272106957	272106957		17.5	48	24.7					61	755			3.8	11.1	3.8		
2018	272107844		2	37	2_37	2_37_2018	2	37	2_37	2_37_2018	5	2_37_2018	142	142	F	yes	home	272106795	272106795	272106957	272106957	272106957	15.3	52	24.5					121	755			6.9	48.1			
2018	272107846		2	37	2_37	2_37_2018	2	37	2_37	2_37_2018	5		142		M	yes	home	272106795	272106795	272106957	272106957		18	55	24.4					67	755			1.5	38.6	8.9		
2018	272106848		2	38	2_38	2_38_2018	2	38	2_38	2_38_2018	5	2_8_2018	133	132	F	yes	home	272107806	272107806	232173070	232173070	272107789	23.5	53	25.3					119	871	17.5	547	5.6	17.9	5.8	20.9	
2018	272106846		2	38	2_38	2_38_2018	2	38	2_38	2_38_2018	5	2_117_2018	133	137	M	yes	home	272107806	272107806	232173070	232173070	263114341	24.5	57	26.9					130	871	19.5	547	4.1	20.1	3.5	33	
2018	272106850		2	38	2_38	2_38_2018	2	38	2_38	2_38_2018	5	2_8_2018	133	132	M	yes	home	272107806	272107806	232173070	232173070	272107789	22	48	24.8					129	871	19.5	547	3.3	13.4	4.6	77.3	
2018	272106849		2	38	2_38	2_38_2018	2	49	2_49	2_49_2018	5		133		M	yes	cross	272107806	272106906	232173070	unk		22.8	54	24.9					80	871	18.5	547	4.6	11.5	3.8	28.2	
2018	272106847		2	38	2_38	2_38_2018	2	49	2_49	2_49_2018	5		133		M	yes	cross	272107806	272106906	232173070	unk		22.3	54	25.8					55	871	17.5	547		5.4	3.5	35.8	
2018	272106963		2	42	2_42	2_42_2018	2	42	2_42	2_42_2018	5	2_12_2018	139	132	F	yes	home	272107698	272107698	272106914	272106914	272107816	21.1	68	26.9					56	750	19	547	0.5	7.2	1.4	47.5	
2018	272106964		2	42	2_42	2_42_2018	2	42	2_42	2_42_2018	5	2_42_2018	139	139	M	yes	home	272107698	272107698	272106914	272106914	272106914	20.4	61	25.9					78	750	18.5	547	3	11.9	1.8	67.1	
2018	272107840		2	54	2_54	2_54_2018	2	42	2_42	2_42_2018	5	2_12_2018	139	132	M	yes	cross	272106728	272107698	unk	272106914	272107816	23.5	54	24.4					60	847	19.25	554	1.5	17.8	3.1	33.3	
2018	272106966		2	64	2_64	2_64_2018	2	64	2_64	2_64_2018	5	2_21_2018	140	132	F	yes	home	272106823	272106823	272107774	272107774	272107530	20.8	62	25.7					42	796	17.25	587	0.5	11.8	4.6	17.3	
2018	272106965		2	64	2_64	2_64_2018	2	64	2_64	2_64_2018	5	2_64_2018	140	140	F	yes	home	272106823	272106823	272107774	272107774	272107774	20.1	54	25.8					57	796	16.75	587	0.5	10.1	4.5	35.9	
2018	272106967		2	64	2_64	2_64_2018	2	71	2_71	2_71_2018	6	Unknown	140		F	yes	cross	272106823	272106822	272107774	unk	263114244	18.8	51	25.5					84	796	16.75	587	25	38.1	3	25.1	
2018	272106968		2	64	2_64	2_64_2018	2	71	2_71	2_71_2018	6		140		M	yes	cross	272106823	272106822	272107774	unk		21.7	56	26					80	796	17.75	587	3	21.4	4.8	32.1	
2018	272106920		2	67	2_67	2_67_2018	2	67	2_67	2_67_2018	5	Unknown	132		F	yes	home	272107749	272107749	272107697	272107697	263114244	8.5	19	19.5					114	798			0.5				
2018	272106918		2	68	2_68	2_68_2018	2	22	2_22	2_22_2018	5	2_22_2018	131	131	M	yes	cross	272106733	272106635	272106916	263113739	263113739	21.5	46	24.7					69	760	17.5	568	0.5	14.5	3.9	49.1	
2018	272106917		2	68	2_68	2_68_2018	2	67	2_67	2_67_2018	5	Unknown	132		F	yes	cross	272106733	272107749	272106916	272107697	263114244	20	40	22.8					50	760	17.5	568	0.5	6.9	6.3	15.9	
2018	272106919		2	68	2_68	2_68_2018	2	67	2_67	2_67_2018	5	2_67_2018	132	132	F	yes	cross	272106733	272107749	272106916	272107697	272107697	17.5	35	23.8					127	760	16.25	568	5.5	1.7	2.7	33.5	
2018	272107461		2	77	2_77	2_77_2018	2	77	2_77	2_77_2018	6	2_109_2018	137	129	F	yes	home	272107786	272107786	272107788	272107788	272107688	12	27	21.1					140	814			6.7	2.9	1.1		
2018	272107462		2	77	2_77	2_77_2018	2	77	2_77	2_77_2018	6	2_109_2018	137	129	M	yes	home	272107786	272107786	272107788	272107788	272107688	13	28	22.3					75	814			7.7	8.1	2.1		
2018	272107463		2	77	2_77	2_77_2018	2	77	2_77	2_77_2018	6	2_77_2018	137	137	F	yes	home	272107786	272107786	272107788	272107788	272107788	8.3	21	19.9					99	814			25.2				
2018	272106833		2	8	2_8	2_8_2018	2	12	2_12	2_12_2018	6	2_12_2018	132	132	M	yes	cross	272106902	272107748	272107789	272107816	272107816	24.3	51	25.2					120	726	20.75	588	2.1	11.8	6.7	21.1	
2018	272106834		2	8	2_8	2_8_2018	2	12	2_12	2_12_2018	6	2_12_2018	132	132	F	yes	cross	272106902	272107748	272107789	272107816	272107816	21	48	25					90	726	16.5	588	3.2	12.8	10	30.1	
2018	272106832		2	8	2_8	2_8_2018	2	12	2_12	2_12_2018	6	2_12_2018	132	132	F	yes	cross	272106902	272107748	272107789	272107816	272107816	20.5	48	25.4					80	726			1	4.6	5		
2018	272106835		2	8	2_8	2_8_2018	2	8	2_8	2_8_2018	6	2_8_2018	132	132	M	yes	home	272106902	272106902	272107789	272107789	272107789	22.3	48	25.4					130	726	19.25	588	1	12.7	4.9	14.2	
2018	272107440		2	80	2_80	2_80_2018	2	80	2_80	2_80_2018	6	2_80_2018	132	132	M	yes	home	272106904	272106904	272107256	272107256	272107256	19.4	40	23.1					56	825	16.75	697	54.1	13.6	3	40.5	
2018	272107444		2	80	2_80	2_80_2018	2	80	2_80	2_80_2018	6	Unknown	132		F	yes	home	272106904	272106904	272107256	272107256	263114244	10	18	20.3					180	825			2.1	29.2	4.6		
2018	272107443		2	80	2_80	2_80_2018	2	86	2_86	2_86_2018	6	2_102_2018	132	136	M	yes	cross	272106904	272106907	272107256	272106824	272106915	17.8	36	22.8					130	825	16.5	697	8.5	31	4.5	23.9	
2018	272107442		2	80	2_80	2_80_2018	2	86	2_86	2_86_2018	6	2_102_2018	132	136	F	yes	cross	272106904	272106907	272107256	272106824	272106915	18.3	35	23.1					118	825	13.5	697	11	32	5	26.6	
2018	272106977		2	82	2_82	2_82_2018	2	82	2_82	2_82_2018	5	2_117_2018	155	137	F	yes	home	272107596	272107596	272106974	272106974	263114341	19.5	55	26					180	728	16.5	661	7.4	16.7	6.1	24.9	
2018	272106979		2	82	2_82	2_82_2018	2	82	2_82	2_82_2018	5	2_117_2018	155	137	M	yes	home	272107596	272107596	272106974	272106974	263114341	24	58	29.2					138	728	19.5	661	2.5	13.8	15.7	29.7	
2018	272106975		2	82	2_82	2_82_2018	2	82	2_82	2_82_2018	5	2_82_2018	155	155	M	yes	home	272107596	272107596	272106974	272106974	272106974	19.3	56	26.7					60	728	16.5	661	1.3	14.4	7.4		
2018	272106976		2	82	2_82	2_82_2018	2	82	2_82	2_82_2018	5	2_82_2018	155	155	F	yes	home	272107596	272107596	272106974	272106974	272106974	15.8	49.5	24.7					132	728	15	661	5.4	5.5	6.6		
2018	272106978		2	82	2_82	2_82_2018	2	82	2_82	2_82_2018	5	2_117_2018	155	137	F	yes	home	272107596	272107596	272106974	272106974	263114341	20.5	52	27.1					57	728	17.75	661	2	32.3	8.4		
2018	272107448		2	86	2_86	2_86_2018	2	80	2_80	2_80_2018	6	2_80_2018	132	132	M	yes	cross	272106907	272106904	272106824	272107256	272107256	21.5	57.5	25.9					76	888	17.25	698	2.5	18.8	10.4	19.7	
2018	272107446		2	86	2_86	2_86_2018	2	86	2_86	2_86_2018	6	2_117_2018	132	137	M	yes	home	272106907	272106907	272106824	272106824	263114341	24.8	59	26					141	888	19.5	698	2.4	20.2		10.7	
2018	272107445		2	86	2_86	2_86_2018	2	86	2_86	2_86_2018	6	2_117_2018	132	137	M	yes	home	272106907	272106907	272106824	272106824	263114341	24.6	58	28.6					95	888	18	698	2.4	9.4	8	12.7	
2018	272107449		2	86	2_86	2_86_2018	2	86	2_86	2_86_2018	6	2_117_2018	132	137	F	yes	home	272106907	272106907	272106824	272106824	263114341	22.4	49	25.7					128	888	18.5	698	3.4	30.1	4.5	17	
2018	272107447		2	86	2_86	2_86_2018	2	86	2_86	2_86_2018	6	2_117_2018	132	137	M	yes	home	272106907	272106907	272106824	272106824	263114341	21.1	49	26.1					149	888	18.75	698	0.6	2.3	8	28.4	
2018	272107428		2	95	2_95	2_95_2018	2	112	2_112	2_112_2018	6	Unknown	132		F	yes	cross	272107161	272106903	272107124	272107690	263114244	9.8	38	23.4					138	724			0.5	22.9			
2018	272107430		2	95	2_95	2_95_2018	2	112	2_112	2_112_2018	6		132		M	yes	cross	272107161	272106903	272107124	272107690		13	38	23.7					64	724			8.5	31	20.5		
2018	272107431		2	95	2_95	2_95_2018	2	112	2_112	2_112_2018	6	2_112_2018	132	132	F	yes	cross	272107161	272106903	272107124	272107690	272107690	13	35.5	23.5					107	724			3.8	18.6	5.4		
2018	272107429		2	95	2_95	2_95_2018	2	95	2_95	2_95_2018	5	2_124_2018	132	129	F	yes	home	272107161	272107161	272107124	272107124	272107503	17	48	24.4					199	724		653	0.5	32	0.9	33.5	
2018	272107432		2	95	2_95	2_95_2018	2	95	2_95	2_95_2018	5	2_124_2018	132	129	F	yes	home	272107161	272107161	272107124	272107124	272107503	18.5	48.5	24.2					116	724	15.5	653	0.5	13.1	6.8	43.4	
2018	272106947		4	101	4_101	4_101_2018	4	101	4_101	4_101_2018	6		136		F	yes	home	272107258	272107258	272107425	272107425		21	41	24					94	790	18	572	0.7	11.9	3.6	14.2	
2018	272106948		4	101	4_101	4_101_2018	4	101	4_101	4_101_2018	6		136		F	yes	home	272107258	272107258	272107425	272107425		21.5	47	24.6					94	790	23.5	572	0.6			49.9	
2018	272106953		4	18	4_18	4_18_2018	4	18	4_18	4_18_2018	6	4_18_2018	138	138	F	yes	home	272107812	272107812	272107426	272107426	272107426	20.3	42.5	24.1					65	737	18.75	650	0.5	12.8	4.1	12.4	
2018	272106954		4	18	4_18	4_18_2018	4	18	4_18	4_18_2018	6		138		M	yes	home	272107812	272107812	272107426	272107426		19.5	40	24					68	737	18.75	650	2.4	8.3	2.4	28.5	
2018	272106955		4	18	4_18	4_18_2018	4	93	4_93	4_93_2018	6	4_90_2018	138	136	F	yes	cross	272107812	156181156	272107426	240134830	239160615	17	41	24.1					94	737	16.75	650	1	9.2	8.3	31.9	
2018	272106956		4	18	4_18	4_18_2018	4	93	4_93	4_93_2018	6	4_93_2018	138	138	F	yes	cross	272107812	156181156	272107426	240134830	240134830	17.5	39	24.5					117	737	19	650	4.2	22.5	5.1	44.2	
2018	272107590		4	61	4_61	4_61_2018	4	61	4_61	4_61_2018	6	4_93_2018	132	138	F	yes	home	240134898	240134898	259122329	259122329	240134830	20.5	55	25.2					157	796	15	566	2.1	25.7	7.7	7.4	
2018	272107589		4	61	4_61	4_61_2018	4	61	4_61	4_61_2018	6	4_61_2018	132	132	F	yes	home	240134898	240134898	259122329	259122329	259122329	24	49	20.9					109	796	17.5	566	1.9	17.7	13.8	13.4	
2018	272107588		4	61	4_61	4_61_2018	4	61	4_61	4_61_2018	6	4_93_2018	132	138	F	yes	home	240134898	240134898	259122329	259122329	240134830	22	59	26					105	796	17	566	2.4	12.5		18.5	
2018	272107587		4	61	4_61	4_61_2018	4	63	4_63	4_63_2018	6	4_61_2018	133	132	F	yes	cross	240134898	272107764	259122329	263114147	259122329	24.5	60	26.1						796	18	566	0.8	15.7	8.1	10.5	
2018	272107692		4	62	4_62	4_62_2018	4	61	4_61	4_61_2018	6	4_93_2018	132	138	F	yes	cross	272107219	240134898	unk	259122329	240134830	21	48	26					122	788	18.75	700	3.5	24.8	4.9	20	
2018	272107691		4	62	4_62	4_62_2018	4	61	4_61	4_61_2018	6	4_61_2018	132	132	M	yes	cross	272107219	240134898	unk	259122329	259122329	22	43	25.3					60	788	19.5	700	0.8	19.3	4.6	20.9	
2018	272107593		4	63	4_63	4_63_2018	4	62	4_62	4_62_2018	6		133		M	yes	cross	272107764	272107219	263114147	unk		21	43	24.1					89	841	18.75	603	1.3	18.3	4.2	66.4	
2018	272107597		4	63	4_63	4_63_2018	4	62	4_62	4_62_2018	6		133		M	yes	cross	272107764	272107219	263114147	unk		20.5	37	24.2					96	841	18.5	603	0.7	23	10.8	117.7	
2018	272107595		4	63	4_63	4_63_2018	4	63	4_63	4_63_2018	6	4_61_2018	133	132	M	yes	home	272107764	272107764	263114147	263114147	259122329	24.5	44	26.6					58	841	18	603	1.3	14.4		7.8	
2018	272107592		4	63	4_63	4_63_2018	4	63	4_63	4_63_2018	6	4_63_2018	133	133	M	yes	home	272107764	272107764	263114147	263114147	263114147	19	38	22.5					123	841	15	603	1.6	3.3	4.6	13.8	
2018	272107594		4	63	4_63	4_63_2018	4	63	4_63	4_63_2018	6	4_63_2018	133	133	F	yes	home	272107764	272107764	263114147	263114147	263114147	14	24	21.9					183	841	18	603	1.5	17.5		58.1	
2018	272107591		4	63	4_63	4_63_2018	4	63	4_63	4_63_2018	6	4_61_2018	133	132	F	yes	home	272107764	272107764	263114147	263114147	259122329	21	46	24.4					104	841	20.75	603	1.3	5.8	11.4	121.7	
2018	272107296		4	71	4_71	4_71_2018	4	71	4_71	4_71_2018	5		141		M	yes	home	272107779	272107779	272107693	272107693		23	53	26					86	721	17.5	647	1.7	13.3	8.4	22.4	
2018	272107294		4	71	4_71	4_71_2018	4	71	4_71	4_71_2018	5		141		F	yes	home	272107779	272107779	272107693	272107693		22	55	25.6					116	721	18	647	3.3		3.8	23.1	
2018	272107291		4	71	4_71	4_71_2018	4	71	4_71	4_71_2018	5		141		F	yes	home	272107779	272107779	272107693	272107693		23	55	25.8					164	721	17	647	4.6	11.9	4.6	35.6	
2018	272107295		4	71	4_71	4_71_2018	4	71	4_71	4_71_2018	5	4_71_2018	141	141	M	yes	home	272107779	272107779	272107693	272107693	272107693	22	53	25.1					88	721	17.5	647	0.8	7.7	5.7	57.2	
2018	272107293		4	71	4_71	4_71_2018	4	71	4_71	4_71_2018	5	4_72_2018	141	133	M	yes	home	272107779	272107779	272107693	272107693	239159375	20	45	24.3					137	721	16.25	647	2.8	34.6	17.1	64.9	
2018	272106940		4	72	4_72	4_72_2018	4	72	4_72	4_72_2018	6	4_71_2018	133	141	M	yes	home	272107298	272107298	239159375	239159375	272107693	23.5	44	23.8					90	825	13.5	666	0.5	2.4	3.2	21.6	
2018	272106936		4	72	4_72	4_72_2018	4	72	4_72	4_72_2018	6	4_72_2018	133	133	M	yes	home	272107298	272107298	239159375	239159375	239159375	25.5	50	24.5					80	825	21.5	666	1	3.2	4	43.9	
2018	272106939		4	72	4_72	4_72_2018	4	80	4_80	4_80_2018	5		133		F	yes	cross	272107298	272107599	239159375	263114115		21.5	49	25.5					170	825	16	666	7.9	2.1	2.6	16.1	
2018	272106935		4	72	4_72	4_72_2018	4	80	4_80	4_80_2018	5		133		F	yes	cross	272107298	272107599	239159375	263114115		19.5	46	22.8					40	825	16.5	666	1.5	14	2.8	24.1	
2018	272106937		4	72	4_72	4_72_2018	4	unk	#N/A	4_unk_2018						yes	unk	272107298	unk	239159375	239159375		25	53	25.7					110	825		666	1.6	14.8	6	12.6	No RBCs collected
2018	272106938		4	72	4_72	4_72_2018	4	unk	#N/A	4_unk_2018						yes	unk	272107298	unk	239159375	239159375		20	43	23.6					60	825	15.75	666	1.9	10.6	2.5	47.3	No RBCs collected
2018	272107268		4	80	4_80	4_80_2018	4	72	4_72	4_72_2018	6	4_71_2018	133	141	M	yes	cross	272107599	272107298	263114115	239159375	272107693	25	57	24.8					75	875	20.25	715	0.5	10.7	4	0.8	
2018	272107270		4	80	4_80	4_80_2018	4	72	4_72	4_72_2018	6	4_71_2018	133	141	F	yes	cross	272107599	272107298	263114115	239159375	272107693	23.5	56	25.8					110	875	18.5	715	1.8	10.4	6.2	14.1	
2018	272107267		4	80	4_80	4_80_2018	4	72	4_72	4_72_2018	6	4_72_2018	133	133	M	yes	cross	272107599	272107298	263114115	239159375	239159375	23	54	25.1					70	875	19.5	715	4	19.6	5.8	23.5	
2018	272107269		4	80	4_80	4_80_2018	4	80	4_80	4_80_2018	5		133		F	yes	home	272107599	272107599	263114115	263114115		21	52	24					95	875	17.25	715	1.2	8.2	2.6	14.4	
2018	272107266		4	80	4_80	4_80_2018	4	80	4_80	4_80_2018	5		133		M	yes	home	272107599	272107599	263114115	263114115		21.5	53	25.7					35	875	18.5	715	1.8	6.6	3.1	19	
2018	272106942		4	90	4_90	4_90_2018	4	101	4_101	4_101_2018	6		136		F	yes	cross	272107261	272107258	239160615	272107425		20	43	25.6					53	743			1.3	4.7	6		
2018	272106944		4	90	4_90	4_90_2018	4	101	4_101	4_101_2018	6		136		F	yes	cross	272107261	272107258	239160615	272107425		22	52	25.6					161	743			1.9	10	3.5		
2018	272106945		4	90	4_90	4_90_2018	4	101	4_101	4_101_2018	6		136		F	yes	cross	272107261	272107258	239160615	272107425		20.5	55	25					108	743			0.5	5.1	3.2		
2018	272106941		4	90	4_90	4_90_2018	4	90	4_90	4_90_2018	6	4_72_2018	136	133	M	yes	home	272107261	272107261	239160615	239160615	239159375	17.5	38.5	23.6					50	743			3.9	2.7	2.1		
2018	272106943		4	90	4_90	4_90_2018	4	90	4_90	4_90_2018	6	4_90_2018	136	136	F	yes	home	272107261	272107261	239160615	239160615	239160615	14.5	41	23.8					103	743			0.5	5	2.2		
2018	272106946		4	90	4_90	4_90_2018	4	90	4_90	4_90_2018	6	4_90_2018	136	136	M	yes	home	272107261	272107261	239160615	239160615	239160615	9	35	22.1					180	743							
2018	272106866		4	93	4_93	4_93_2018	4	93	4_93	4_93_2018	6	4_90_2018	138	136	M	yes	home	156181156	156181156	240134830	240134830	239160615	21	45	24.5					61	781	17	672	2.8	17.3	8.9	23.6	
2018	272106864		4	93	4_93	4_93_2018	4	93	4_93	4_93_2018	6	4_90_2018	138	136	F	yes	home	156181156	156181156	240134830	240134830	239160615	22	47	25.4					117	781	19.75	672	3.7	9.4	10.3	32.8	
2018	272106865		4	93	4_93	4_93_2018	4	93	4_93	4_93_2018	6	4_90_2018	138	136	M	yes	home	156181156	156181156	240134830	240134830	239160615	20.8	37	24.6					180	781	18	672	8.7	10.1	10.6	37.2	
2018	272106863		4	93	4_93	4_93_2018	4	93	4_93	4_93_2018	6	4_90_2018	138	136	F	yes	home	156181156	156181156	240134830	240134830	239160615	22	50	25.8					61	781	18.75	672	2.3	7	3.9	41.4	
2019	281128743		1	105	1_105	1_105_2019	1	105	1_105	1_105_2019	5	1_105_2019	135	135		yes	home	281128701	281128701	262125449	262125449	262125449	16.5	42	24.8	284	308	277	233	61	757	15.75	619	5.8	23.6	1.3	24	
2019	281128747		1	105	1_105	1_105_2019	1	105	1_105	1_105_2019	5	1_105_2019	135	135		yes	home	281128701	281128701	262125449	262125449	262125449	12.5	37	24	280	217	186		96	757			6.5	13.6	2.6		
2019	281128744		1	105	1_105	1_105_2019	1	47	1_47	1_47_2019	5	1_86_2019	135	143		yes	cross	281128701	278172224	262125449	272106628	272107529	17.3	43	24.5	276	346	276	229	175	757	16.5	619	2.3	16.8	2.6	28.7	
2019	281128746		1	105	1_105	1_105_2019	1	81	1_81	1_81_2019	6	1_81_2019	135	135		yes	cross	281128701	272107809	262125449	262125966	262125966	14.8	41	24.3	307	327	245	184	43	757	13.5	619	0.7	15.7	1.9	14.3	
2019	281128745		1	105	1_105	1_105_2019	1	81	1_81	1_81_2019	6	1_81_2019	135	135		yes	cross	281128701	272107809	262125449	262125966	262125966	16.5	45.5	24.5	253	261	232	205	78	757	14.5	619	0.6	5.3	2.1	14.5	
2019	278172285		1	47	1_47	1_47_2019	1	105	1_105	1_105_2019	5	1_105_2019	135	135		yes	cross	278172224	281128701	272106628	262125449	262125449	17.5	51	25.7	258	248	202	212	141	738	14.75	602	4.5	34.6	3.2	18.2	
2019	278172283		1	47	1_47	1_47_2019	1	47	1_47	1_47_2019	5	1_86_2019	135	143		yes	home	278172224	278172224	272106628	272106628	272107529	18	47	24.5	225		256	180	92	738	16.5	602	4.3	40.5	3	27.7	
2019	278172286		1	47	1_47	1_47_2019	1	47	1_47	1_47_2019	5	1_86_2019	135	143		yes	home	278172224	278172224	272106628	272106628	272107529	13	35	22.5	168	199	185		178	738			1.6	40.8	5.7		
2019	278172284		1	47	1_47	1_47_2019	1	81	1_81	1_81_2019	6	1_81_2019	135	135		yes	cross	278172224	272107809	272106628	262125966	262125966	14	45	24.3	243	198	248		76	738			6.9	29.5	3.1		
2019	281128679		1	58	1_58	1_58_2019	1	134	1_134	1_134_2019	6	Unknown	142			yes	cross	281128704	278172232	281128653	unk	272106615	22.5	54	26.3	193	217	217	167	105	730	20	548	0.5	23.1	2.1	14.4	Male is from 2018 1.121 but is a perfect match and has other EPY in a different nest too.
2019	281128677		1	58	1_58	1_58_2019	1	134	1_134	1_134_2019	6	Unknown	142			yes	cross	281128704	278172232	281128653	unk	272106615	22	54	25.7	209	227	252	261	35	730	17.5	548	1.3	17.1	3.2	21.8	Male is from 2018 1.121 but is a perfect match and has other EPY in a different nest too.
2019	281128678		1	58	1_58	1_58_2019	1	58	1_58	1_58_2019	4	1_58_2019	143	143		yes	home	281128704	281128704	281128653	281128653	281128653	20.5	48	24.5	188	171	254	182	68	730	18	548	6.7	16.1	7.6	9.9	
2019	281128805		1	81	1_81	1_81_2019	1	105	1_105	1_105_2019	5	1_105_2019	135	135		yes	cross	272107809	281128701	262125966	262125449	262125449	18	54	25.4	114	185	206	240		779	19	640		36.9	7.4	14.7	
2019	281128801		1	81	1_81	1_81_2019	1	47	1_47	1_47_2019	5	1_47_2019	135	135		yes	cross	272107809	278172224	262125966	272106628	272106628	17	48	24.2	169	233	201	180	65	779	16.5	640	8	40.4	7.5	30.3	
2019	281128802		1	81	1_81	1_81_2019	1	81	1_81	1_81_2019	6	1_81_2019	135	135		yes	home	272107809	272107809	262125966	262125966	262125966	17	42	24.5	127	167	181	222	120	779	16.75	640	5.8	17.2	3.5	8.5	
2019	281128803		1	81	1_81	1_81_2019	1	81	1_81	1_81_2019	6	1_81_2019	135	135		yes	home	272107809	272107809	262125966	262125966	262125966	16.5	49	24.1	184	179	210	228	90	779	16.75	640	10.1	38.1	2.9	20.7	
2019	281128804		1	81	1_81	1_81_2019	1	81	1_81	1_81_2019	6	1_81_2019	135	135		yes	home	272107809	272107809	262125966	262125966	262125966	14	35	23.1	141			235	174	779	16.75	640	11.7			25.1	
2019	281128680		1	86	1_86	1_86_2019	1	58	1_58	1_58_2019	4	1_58_2019	143	143		yes	cross	278172233	281128704	272107529	281128653	281128653	13	35	23.3	176	171	176	198	35	748	10	551	0.5	1	2.9	8.7	
2019	281128682		1	86	1_86	1_86_2019	1	86	1_86	1_86_2019	5	1_86_2019	143	143		yes	home	278172233	278172233	272107529	272107529	272107529	16	42	24.1	180	187	200	228	140	748	16.5	551	4.4	41	3.6	26.2	
2019	281128681		1	86	1_86	1_86_2019	1	86	1_86	1_86_2019	5	1_79_2019	143	156		yes	home	278172233	278172233	272107529	272107529	278171397	17	37	24.6	186	228	199	192	90	748	17.25	551	1.2	4.8	2.7	27.6	
2019	278172273		2	101	2_101	2_101_2019	2	101	2_101	2_101_2019	6	Unknown	131			yes	home	278172147	278172147	278172199	278172199	272107256	19.5	53	23.2	186		165	245	65	778	16.5	541	11	25.9	12.8	26	
2019	278172274		2	101	2_101	2_101_2019	2	101	2_101	2_101_2019	6	Unknown	131			yes	home	278172147	278172147	278172199	278172199	272107256	16.5	44	23	182	193	165	125		778	12.25	541			9.2	32.5	
2019	278172272		2	101	2_101	2_101_2019	2	101	2_101	2_101_2019	6	Unknown	131			yes	home	278172147	278172147	278172199	278172199	272107256	18.5	54	24.7	179	180	133	210	65	778	15.5	541	8.2	63.1	17.5	49.5	
2019	278172275		2	101	2_101	2_101_2019	2	101	2_101	2_101_2019	6	Unknown	131			yes	home	278172147	278172147	278172199	278172199	272107256	16.5	48	24.5	190	181	155	190	90	778	15	541	16.6	34.7	8.4	49.6	
2019	278172276		2	101	2_101	2_101_2019	2	78	2_78	2_78_2019	4	2_72_2019	131	144		yes	cross	278172147	278171896	278172199	272107256	278172288	20	55	26	183	150	143	179	95	778	14.5	541	6.5	80.2	10.9		
2019	281128725		2	103	2_103	2_103_2019	2	103	2_103	2_103_2019	6	2_105_2019	129	140		yes	home	272107786	272107786	272106664	272106664	281128742	23.3	56	25.6	200	218	214		127	813	17	633	5.1	19	3.8	29.8	
2019	281128721		2	103	2_103	2_103_2019	2	103	2_103	2_103_2019	6	2_105_2019	129	140		yes	home	272107786	272107786	272106664	272106664	281128742	22	51	24.7	193	227	222	234	125	813	17	633	7.5	37.7	5.4	32.1	
2019	281128723		2	103	2_103	2_103_2019	2	103	2_103	2_103_2019	6	2_103_2019	129	129		yes	home	272107786	272107786	272106664	272106664	272106664	21	48	25.7	181	197	224	170	52	813	16.5	633	3.6	41.7	9	52.2	
2019	281128722		2	103	2_103	2_103_2019	2	68	2_68	2_68_2019	8	2_111_2019	129	125		yes	cross	272107786	272106822	272106664	263114244	259122557	19.5	45	24.4	175	195	229	225	61	813	15.5	633	0.7	54	7.3	15.2	
2019	281128720		2	103	2_103	2_103_2019	2	68	2_68	2_68_2019	8	2_68_2019	129	129		yes	cross	272107786	272106822	272106664	263114244	263114244	22	48	26.3	188	197	227	256	52	813	16.5	633	1.7	17.6	6	30.7	
2019	281128724		2	103	2_103	2_103_2019	2	68	2_68	2_68_2019	8	2_111_2019	129	125		yes	cross	272107786	272106822	272106664	263114244	259122557	24.5	50	26.2	186	216	220	234	75	813	16	633	11.7	21	4.7	48	
2019	281128756		2	105	2_105	2_105_2019	2	105	2_105	2_105_2019	6	2_105_2019	140	140		yes	home	278172158	278172158	281128742	281128742	281128742	14.5	44	24.6	184	182	197	181	142	742	15	547	1.2	20.7	4.3	30.3	
2019	281128759		2	105	2_105	2_105_2019	2	105	2_105	2_105_2019	6	2_103_2019	140	129		yes	home	278172158	278172158	281128742	281128742	272106664	9.8	25	21.4						742	9	547					
2019	281128758		2	105	2_105	2_105_2019	2	107	2_107	2_107_2019	7		140			yes	cross	278172158	278171876	281128742	263114244		11.5	36	23.9	180	183	161	205	93	742	17	547	9	20	2.3	79.7	no match
2019	281128757		2	105	2_105	2_105_2019	2	6	2_6	2_6_2019	5	2_32_2019	140	135		yes	cross	278172158	278172157	281128742	278172161	278172169	22.8	49	26.1	154	175	216	250	45	742	20.5	547	2.8	6.1	3.6	18.1	
2019	281128755		2	105	2_105	2_105_2019	2	6	2_6	2_6_2019	5	2_32_2019	140	135		yes	cross	278172158	278172157	281128742	278172161	278172169	18	45	25.7	187	163	205	184	34	742	19	547	1.8	10.6	2.6	32	
2019	278171891		2	109	2_109	2_109_2019	2	109	2_109	2_109_2019	5	2_109_2019	133	133		yes	home	278172149	278172149	272106847	272106847	272106847	18.5	54	25.8	173	166	206	233	123	851	15	593	52.8	25	3.5	41.7	
2019	278171890		2	109	2_109	2_109_2019	2	109	2_109	2_109_2019	5	2_109_2019	133	133		yes	home	278172149	278172149	272106847	272106847	272106847	18	53.5	25.9	159	164	196	222	112	851	13.5	593	26	24.9	4.8	59	
2019	278171887		2	109	2_109	2_109_2019	2	19	2_19	2_19_2019	5	2_68_2019	133	129		yes	cross	278172149	272107284	272106847	unk	263114244	16.5	48	25	173	177	176	218	75	851	12	593	49.4	44.5	3.4	9.7	
2019	278171889		2	109	2_109	2_109_2019	2	19	2_19	2_19_2019	5		133			yes	cross	278172149	272107284	272106847	unk		17	53	25.3	184	191	157	157	110	851	15	593	16	71.4	7	53.4	no match
2019	278171888		2	109	2_109	2_109_2019	2	118	#N/A	2_118_2019	5		133			yes	cross	278172149	unk	272106847	unk		17.5	51	25.5	178	112	188	280	72	851	14.75	593	52.3	103.7	4.6	57.3	"Must be from 2.118, but that female abandoned before first capture so don't have any records. Also not a perfect match for any male even without removing female alleles though several are at 8/9."
2019	281128713		2	111	2_111	2_111_2019	2	111	2_111	2_111_2019	5	2_111_2019	125	125		yes	home	272107739	272107739	259122557	259122557	259122557	16.5	45	22.4	165	178	179	198	131	743	15.5	659	2.7	30.4	8.1	15.6	
2019	281128712		2	111	2_111	2_111_2019	2	111	2_111	2_111_2019	5	1_79_2019	125	156		yes	home	272107739	272107739	259122557	259122557	278171397	19	50	25.7	154	169	176	226	145	743	18.5	659	2.6	45.7	4.7	18.4	"Male is from 1.79, but is a perfect match for all three. Must be him."
2019	281128709		2	111	2_111	2_111_2019	2	111	2_111	2_111_2019	5	2_111_2019	125	125		yes	home	272107739	272107739	259122557	259122557	259122557	15.5	47	24.8	176	163	173	236	73	743	16	659	2.3	19.4	5.9	20.9	
2019	281128710		2	111	2_111	2_111_2019	2	111	2_111	2_111_2019	5	1_79_2019	125	156		yes	home	272107739	272107739	259122557	259122557	278171397	19	50	24.9	169	183	183	199	61	743	19	659	1.5	32	7.2	25.8	"Male is from 1.79, but is a perfect match for all three. Must be him."
2019	281128711		2	111	2_111	2_111_2019	2	111	2_111	2_111_2019	5	1_79_2019	125	156		yes	home	272107739	272107739	259122557	259122557	278171397	15.5	44.5	24.5	159	192	146	247	65	743	17	659	3.6	35.9	5.3	39.7	"Male is from 1.79, but is a perfect match for all three. Must be him."
2019	278172277		2	116	2_116	2_116_2019	2	116	2_116	2_116_2019	6	Unknown	134			yes	home	272107217	272107217	272107690	272107690	272107256	17.5	46	24.4	188	250	209	277	54	721	17.25	585	1.5	25.3	5.3	9.9	
2019	278172281		2	116	2_116	2_116_2019	2	116	2_116	2_116_2019	6	Unknown	134			yes	home	272107217	272107217	272107690	272107690	272107256	19.3	51.5	25.1	203	175	176	198	190	721	18.75	585	16.6	79.9	9.3	41.4	
2019	278172279		2	116	2_116	2_116_2019	2	127	2_127	2_127_2019	6	2_127_2019	134	134		yes	cross	272107217	278172153	272107690	278171880	278171880	16.5	51	25.6	130	129	158	216	73	721	17	585	14.3	58.3	3.9	14.1	
2019	278172280		2	116	2_116	2_116_2019	2	127	2_127	2_127_2019	6	2_127_2019	134	134		yes	cross	272107217	278172153	272107690	278171880	278171880	15.5	23.5	23.8	178	203	178	254	154	721	16	585	1	46.2	5.1	29	
2019	278172278		2	116	2_116	2_116_2019	2	127	2_127	2_127_2019	6	2_127_2019	134	134		yes	cross	272107217	278172153	272107690	278171880	278171880	15.5	50	24.5	155	155	192	234	113	721	16	585	1.7	60	4.6	31.1	
2019	281128513		2	117	2_117	2_117_2019	2	117	2_117	2_117_2019	6	2_117_2019	138	138		yes	home	278171875	278171875	281128726	281128726	281128726	11.8	29	22.5	193	209	216	194	72	797	13	584	14	7.9	4.7	33.7	
2019	281128515		2	117	2_117	2_117_2019	2	117	2_117	2_117_2019	6	Unknown	138			yes	home	278171875	278171875	281128726	281128726	272107256	13.5	29	22	205	225	208	240	102	797	13	584	1.7	19.4	3.2	36.2	
2019	281128512		2	117	2_117	2_117_2019	2	117	2_117	2_117_2019	6	2_117_2019	138	138		yes	home	278171875	278171875	281128726	281128726	281128726	15	34	23.4	181	206	208	218	64	797	14.75	584	4.5	8.6	5.3	53.1	
2019	281128514		2	117	2_117	2_117_2019	2	82	2_82	2_82_2019	6	2_82_2019	138	138		yes	cross	278171875	278171873	281128726	272106974	272106974	12	30	22.5	190	210	266	110	80	797	11.5	584	1.3	7	3	34.6	
2019	281128511		2	117	2_117	2_117_2019	2	82	2_82	2_82_2019	6	2_82_2019	138	138		yes	cross	278171875	278171873	281128726	272106974	272106974	13	27	21.8	151	194	207	182	45	797	12	584	5.3	19.3	5	56.1	
2019	281128651		2	12	2_12	2_12_2019	2	12	2_12	2_12_2019	5	2_12_2019	137	137		yes	home	278171870	278171870	278172167	278172167	278172167	13	35	23.1	149				140	801			43.5				
2019	281128652		2	12	2_12	2_12_2019	2	22	2_22	2_22_2019	7	2_29_2019	137	132		yes	cross	278171870	272106817	278172167	unk	272107257	10.5	30	22.2	295				383	801			13.3				social male not caught but must be sired by this other male from 2.29 so is EPY
2019	278172269		2	120	2_120	2_120_2019	2	120	2_120	2_120_2019	7	2_120_2019	132	132		yes	home	272106913	272106913	278172165	278172165	278172165	18.5	51	24.5	170	171	143	235	132	727	16.25	543	22	56.1	4.9	42.4	
2019	278172265		2	120	2_120	2_120_2019	2	120	2_120	2_120_2019	7	2_120_2019	132	132		yes	home	272106913	272106913	278172165	278172165	278172165	11.5	34	23.2	107	134	88		60	727			29.9	52.5			
2019	278172266		2	120	2_120	2_120_2019	2	120	2_120	2_120_2019	7	2_122_2019	132	137		yes	home	272106913	272106913	278172165	278172165	262126105	17	45	25.3	138	154	100			727	13.75	543		25.1	15.7		Confirm that band is not 26015
2019	278172267		2	120	2_120	2_120_2019	2	120	2_120	2_120_2019	7	2_122_2019	132	137		yes	home	272106913	272106913	278172165	278172165	262126105	13.8	38.5	23.1	139	126	110		75	727			14.9	35.6	9.5		Confirm that band is not 26015
2019	278172271		2	120	2_120	2_120_2019	2	120	2_120	2_120_2019	7	2_122_2019	132	137		yes	home	272106913	272106913	278172165	278172165	262126105	14.5	44	24.3	153	126	168		113	727			16.6	82.1	4.6		Confirm that band is not 26015
2019	278172270		2	120	2_120	2_120_2019	2	121	2_121	2_121_2019	4	1_308_2019	132			yes	cross	272106913	88004570	278172165	unk	240150159	16.5	50	24.5	181	159	152	236	83	727	15.5	543	24.2	57.1	3.8	30.3	Male is from CU1 water but is perfect match for two nestlings. Check if RFID was recorded at CU2.
2019	278172268		2	120	2_120	2_120_2019	2	121	2_121	2_121_2019	4	Unknown	132			yes	cross	272106913	88004570	278172165	unk	262126051	17.5	47	24.6	177	141	168	180	132	727	17	543	6.1	19.1	3.5	43.3	Male is from 2018 and not caught in 2019. Check if RFID was recorded.
2019	278171895		2	121	2_121	2_121_2019	2	121	2_121	2_121_2019	4	1_308_2019	132			yes	home	88004570	88004570	unk	unk	240150159	18	46	25.5	220	213	212	247	68	756	15.25	636	0.5	16.3	38	24.6	Male is from CU1 water but is perfect match for two nestlings. Check if RFID was recorded at CU2.
2019	281128647		2	127	2_127	2_127_2019	2	116	2_116	2_116_2019	6	2_116_2019	134	134		yes	cross	278172153	272107217	278171880	272107690	272107690	16.8	41	23.7	207	225	224		140	741			4	49.1	13.7		
2019	281128649		2	127	2_127	2_127_2019	2	116	2_116	2_116_2019	6	Unknown	134			yes	cross	278172153	272107217	278171880	272107690	272107256	11	31	23	211	248	231		83	741			22	20.7	4.1		
2019	281128646		2	127	2_127	2_127_2019	2	127	2_127	2_127_2019	6	2_127_2019	134	134		yes	home	278172153	278172153	278171880	278171880	278171880	16.5	45	24.5	214	223	220		70	741			19.5	58.7	1.7		
2019	281128648		2	127	2_127	2_127_2019	2	127	2_127	2_127_2019	6	2_127_2019	134	134		yes	home	278172153	278172153	278171880	278171880	278171880	13.5	37	22.9	222	248	213		150	741			29	62.7	7.8		
2019	281128650		2	127	2_127	2_127_2019	2	127	2_127	2_127_2019	6	2_127_2019	134	134		yes	home	278172153	278172153	278171880	278171880	278171880	16.5	43	25	257	242	207		104	741			9.4	71.8	4.7		
2019	278172296		2	14	2_14	2_14_2019	2	14	2_14	2_14_2019	5	2_116_2019	147	134		yes	home	278172163	278172163	272107816	272107816	272107690	23	55	26.5	194	221	217	269	116	728	18	549	0.5	24.9	8.5	13.8	
2019	278172294		2	14	2_14	2_14_2019	2	14	2_14	2_14_2019	5	2_116_2019	147	134		yes	home	278172163	278172163	272107816	272107816	272107690	24	50	26.1	193	199	229	267	85	728	19.5	549	2	41.1	11.3	22.6	
2019	278172295		2	14	2_14	2_14_2019	2	14	2_14	2_14_2019	5	2_116_2019	147	134		yes	home	278172163	278172163	272107816	272107816	272107690	23	53	25.7	176	199	225	250	111	728	19.5	549	1.5	14.7	7.1	27.6	
2019	281128733		2	20	2_20	2_20_2019	2	20	2_20	2_20_2019	6	2_20_2019	132	132		yes	home	281128402	281128402	278172166	278172166	278172166	19	56	26.6	211	193	151	214	76	787	17.25	629	14.8	41.9	9.8	30.4	"One mismatch with mom at Tbi104, but has to be a match. Mutation or null allele. Both are homozygotes."
2019	281128736		2	20	2_20	2_20_2019	2	20	2_20	2_20_2019	6	2_20_2019	132	132		yes	home	281128402	281128402	278172166	278172166	278172166	20.5	55	25.8	203	127		250	54	787	18	629	0.7	54.7		31.8	
2019	281128735		2	20	2_20	2_20_2019	2	20	2_20	2_20_2019	6	2_20_2019	132	132		yes	home	281128402	281128402	278172166	278172166	278172166	20	53	25.6	196	188	114	209	90	787	17.75	629	21.5	45.2	9.4	45.2	
2019	281128734		2	20	2_20	2_20_2019	2	20	2_20	2_20_2019	6	2_20_2019	132	132		yes	home	281128402	281128402	278172166	278172166	278172166	20	53	26.2	142		132		90	787			7.6	44.8			
2019	281128750		2	29	2_29	2_29_2019	2	29	2_29	2_29_2019	6	2_29_2019	132	132		yes	home	88004754	88004754	272107257	272107257	272107257	21	38.5	24.5	176	207	219	200	63	742	18	643	0.5	5.6	2.3	22.3	"Cervus isn't too confident because there are other similar males, but this is the within pair mate."
2019	281128748		2	29	2_29	2_29_2019	2	29	2_29	2_29_2019	6	2_29_2019	132	132		yes	home	88004754	88004754	272107257	272107257	272107257	20.5	41	24.5	184	186	185	209	52	742	17.5	643	0.5	3.8	3.6	31.3	"Cervus isn't too confident because there are other similar males, but this is the within pair mate."
2019	281128749		2	29	2_29	2_29_2019	2	29	2_29	2_29_2019	6	2_29_2019	132	132		yes	home	88004754	88004754	272107257	272107257	272107257	22	45	24.9	208	256	234	267	48	742	18	643	0.5	5.7	4.8	33.3	"Cervus isn't too confident because there are other similar males, but this is the within pair mate."
2019	281128506		2	3	2_3	2_3_2019	2	15	2_15	2_15_2019	5	2_15_2019	139	139		yes	cross	278171872	278172155	272107815	272107335	272107335	13.5	33	23.7	188	210	227	98	35	755	10.5	609	8.9	5.1	3	15.2	
2019	281128509		2	3	2_3	2_3_2019	2	3	2_3	2_3_2019	5	2_3_2019	139	139		yes	home	278171872	278171872	272107815	272107815	272107815	17.5	41.5	24	178	223	179	149	60	755	14.75	609	1	4.7	1.9	24.7	
2019	281128508		2	3	2_3	2_3_2019	2	3	2_3	2_3_2019	5	2_3_2019	139	139		yes	home	278171872	278171872	272107815	272107815	272107815	16	41	21.1	214	211	310	208	50	755	16.25	609	1.3	7.5	1.4	33.8	
2019	281128510		2	3	2_3	2_3_2019	2	41	2_41	2_41_2019	4	2_41_2019	139	139		yes	cross	278171872	278172152	272107815	272106957	272106957	23.5	55.5	24.4	199	243	231	205	88	755	19	609	2	14.2	4.3	14.4	
2019	281128507		2	3	2_3	2_3_2019	2	41	2_41	2_41_2019	4	2_41_2019	139	139		yes	cross	278171872	278172152	272107815	272106957	272106957	21.5	52	26.9	183	195	234	208	70	755	19.5	609	0.5	6.6	2.9	22.1	
2019	281128438		2	31	2_31	2_31_2019	2	25	2_25	2_25_2019	5		142			yes	cross	272107361	278172159	278171892	unk		20	48	22.1	227	231	284	259	52	746	18.75	542	6.6	0.7	3.5	33	no match
2019	281128439		2	31	2_31	2_31_2019	2	25	2_25	2_25_2019	5		142			yes	cross	272107361	278172159	278171892	unk		19	45	23.4	289	325	236	229	122	746	18.5	542	9.7	2.8	2.4	40.2	no match
2019	281128437		2	31	2_31	2_31_2019	2	31	2_31	2_31_2019	6		142			yes	home	272107361	272107361	278171892	278171892		21	42	23.8	287	259	266	199	49	746	17.75	542	1.1	8.8	3.1	19.8	"Cervus thinks this could be 281128773, but has one mismatch at tle19 that can't be reconciled."
2019	281128499		2	31	2_31	2_31_2019	2	57	2_57	2_57_2019	5	2_57_2019	142	142		yes	cross	272107361	156181153	278171892	278172282	278172282	19.8	41	24.8	329	313	241	212	81	746	18.5	542	3.1	0.7	3.3	15	
2019	281128769		2	34	2_34	2_34_2019	2	34	2_34	2_34_2019	5	2_39_2019	145	132		yes	home	278172162	278172162	281128516	281128516	272107817	17	49	23.3	252	248	207		72	730	16.75	562	1	14	2.2	30.6	
2019	281128771		2	34	2_34	2_34_2019	2	34	2_34	2_34_2019	5	2_34_2019	145	145		yes	home	278172162	278172162	281128516	281128516	281128516	17.3	40	24.3	259	218	285	290	76	730	16.5	562	1.7	3.7	3.6	37.8	
2019	281128768		2	34	2_34	2_34_2019	2	99	2_99	2_99_2019	5	2_99_2019	144	144		yes	cross	278172162	281128601	281128516	278171894	278171894	18.5	44	23.9	278	242	233	188	71	730	19.25	562	3.4	80.9	6.3	34.5	
2019	281128770		2	34	2_34	2_34_2019	2	99	2_99	2_99_2019	5	2_99_2019	144	144		yes	cross	278172162	281128601	281128516	278171894	278171894	20.3	47	25.3	255	339	296	247	72	730	20	562	2.3	46.6	2.5	49.9	
2019	281128719		2	35	2_35	2_35_2019	2	35	2_35	2_35_2019	5	2_14_2019	129	147		yes	home	272107805	272107805	278171878	278171878	272107816	17	52	26.7	199	190	237	215	152	759	14	581	15.9	67.2	2.5	31.5	
2019	281128717		2	35	2_35	2_35_2019	2	35	2_35	2_35_2019	5	2_14_2019	129	147		yes	home	272107805	272107805	278171878	278171878	272107816	17	52	25.2	184	194	228		60	759			1.7	61.1	5.8		
2019	278172168		2	35	2_35	2_35_2019	2	36	2_36	2_36_2019	5		130			yes	cross	272107805	278172145	278171878	272106914		19.3	50	24.9	219	237	247	276	52	759	16	581	3.3	59.8	3.2	17	no match
2019	281128718		2	35	2_35	2_35_2019	2	36	2_36	2_36_2019	5		130			yes	cross	272107805	278172145	278171878	272106914		19.5	45	24.7		234	252	218		759	15.5	581		45.7	3.7	38.1	no match
2019	281128716		2	35	2_35	2_35_2019	2	36	2_36	2_36_2019	5		130			yes	cross	272107805	278172145	278171878	272106914		19.8	51	25.2	173	186	201	273	52	759	17	581	5.3	23.8	3.6	40	no match
2019	281128739		2	39	2_39	2_39_2019	2	39	2_39	2_39_2019	6	2_39_2019	132	132		yes	home	272107748	272107748	272107817	272107817	272107817	19.5	60	21.7	323	344	278	182	88	840	17	626	2.6	35.7	11.8	19.9	
2019	281128737		2	39	2_39	2_39_2019	2	39	2_39	2_39_2019	6	2_39_2019	132	132		yes	home	272107748	272107748	272107817	272107817	272107817	19.5	55	25.3	247	218	231	217	60	840	17.5	626	5.6	37.1	7.3	22	
2019	281128738		2	39	2_39	2_39_2019	2	39	2_39	2_39_2019	6	2_39_2019	132	132		yes	home	272107748	272107748	272107817	272107817	272107817	17.5	47	25.8	247	248		174	88	840	16	626	2.4	32.8	13.8	31.8	
2019	281128741		2	39	2_39	2_39_2019	2	39	2_39	2_39_2019	6	2_39_2019	132	132		yes	home	272107748	272107748	272107817	272107817	272107817	20		25	174	369	281	219	150	840	16.5	626	9.7	59.4	16.3	43.3	
2019	281128740		2	39	2_39	2_39_2019	2	80	2_80	2_80_2019	6	2_80_2019	132	132		yes	cross	272107748	278172150	272107817	278172164	278172164	20	60	23.2	244	276	244	195	88	840	14.5	626	3.6	48.8	7.5	23.1	
2019	281128505		2	41	2_41	2_41_2019	2	15	2_15	2_15_2019	5	2_15_2019	139	139		yes	cross	278172152	278172155	272106957	272107335	272107335	17.5	38.5	24.3	207	277	223	232	72	741	18.5	580	0.5	5.7	7.3	16.5	
2019	281128503		2	41	2_41	2_41_2019	2	15	2_15	2_15_2019	5	2_15_2019	139	139		yes	cross	278172152	278172155	272106957	272107335	272107335	18.5	42	24.4	218	270	265	183	56	741	18.75	580	1.2	15.1	4.2	21.1	
2019	281128504		2	41	2_41	2_41_2019	2	41	2_41	2_41_2019	4	2_41_2019	139	139		yes	home	278172152	278172152	272106957	272106957	272106957	18.5	51	24.6	196	267	261	237	82	741	17.5	580	1.9	12.6	5.9	29.7	
2019	281128502		2	41	2_41	2_41_2019	2	41	2_41	2_41_2019	4	2_41_2019	139	139		yes	home	278172152	278172152	272106957	272106957	272106957	19.5	44	24.4	214	263	249	178	45	741	18.5	580	2.4	9.6	5.8	39.4	
2019	281128445		2	54	2_54	2_54_2019	2	54	2_54	2_54_2019	6	2_3_2019	141	139		yes	home	272106728	MysteryA	278171879	278171879	272107815	20.8	53	25	204	281	256	230	120	765	16		2.4	16.8	2	21.3	Don't match genotype for anyone. Must be 2.54. Maybe have run wrong female sample or something?? Most likely sired by this male from 2.3 who is the only good match
2019	281128444		2	54	2_54	2_54_2019	2	54	2_54	2_54_2019	6	2_3_2019	141	139		yes	home	272106728	MysteryA	278171879	278171879	272107815	18	51	24.2	192	301	273	207	120	765	16	544	2.1	5.6	2.7	34	Don't match genotype for anyone. Must be 2.54. Maybe have run wrong sample or something??
2019	281128441		2	54	2_54	2_54_2019	2	54	2_54	2_54_2019	6	2_54_2019	141	141		yes	home	272106728	MysteryA	278171879	278171879	278171879	16.5	45	24.1	278	290	281	245	53	765	15	544	1.7	19.6	3.2	58.9	Don't match genotype for anyone. Must be 2.54. Maybe have run wrong sample or something??
2019	281128440		2	54	2_54	2_54_2019	2	54	2_54	2_54_2019	6	2_54_2019	141	141		yes	home	272106728	MysteryA	278171879	278171879	278171879	15	46	23.7	258	254	237	159	52	765	11.5	544	1.2	13.2	3.1	75.1	Don't match genotype for anyone. Must be 2.54. Maybe have run wrong sample or something??
2019	281128443		2	54	2_54	2_54_2019	2	9	2_9	2_9_2019	5	2_9_2019	142	142		yes	cross	272106728	278171877	278171879	272106986	272106986	16.5	45	24.1	261	249	284	243	85	765	15		10.4	8.3	2.3	50.3	
2019	281128442		2	54	2_54	2_54_2019	2	9	2_9	2_9_2019	5	2_9_2019	142	142		yes	cross	272106728	278171877	278171879	272106986	272106986	13		21	258	262	293	282	78	765	13.25	544	3.6	3.1	4.1	54.9	
2019	281128763		2	57	2_57	2_57_2019	2	25	2_25	2_25_2019	5		142			yes	cross	156181153	278172159	278172282	unk		14.5	33	24.2	198	203	199	256	128	740	14.5	547	3.6	13.7	3.3	57.3	no match
2019	281128762		2	57	2_57	2_57_2019	2	31	2_31	2_31_2019	6		142			yes	cross	156181153	272107361	278172282	278171892		13	32.5	23.9	228	267	207	219	70	740	12.5	602	0.5	1.1	4.1	34	"Cervus  thinks this should be 272106615 despite two mismatches, but I don't think it can be."
2019	281128764		2	57	2_57	2_57_2019	2	31	2_31	2_31_2019	6		142			yes	cross	156181153	272107361	278172282	278171892		15	36	24.1	188	232	224	289	135	740	14.5	547	5.8	8.6	3.9	51.1	no match
2019	281128760		2	57	2_57	2_57_2019	2	57	2_57	2_57_2019	5	2_57_2019	142	142		yes	home	156181153	156181153	278172282	278172282	278172282	16	41	24	214	247	194	242	59	740	16.5	602	9	4.9	4.1	39.5	
2019	281128761		2	57	2_57	2_57_2019	2	57	2_57	2_57_2019	5	2_57_2019	142	142		yes	home	156181153	156181153	278172282	278172282	278172282	14.3	36.5	23.8	191	207	188		124	740			15.1	26.7	3.3		
2019	281128754		2	62	2_62	2_62_2019	2	62	2_62	2_62_2019	5	2_62_2019	140	140		yes	home	272107855	272107855	281128501	281128501	281128501	19.5	50	26.3	203	202	200	230	132	724	13.5	594	4.5	9.7	4.9	18.8	
2019	281128752		2	62	2_62	2_62_2019	2	62	2_62	2_62_2019	5	2_64_2019	140	142		yes	home	272107855	272107855	281128501	281128501	272107774	17.5	55	25.9	192	203	249	369	99	724	15.25	594	2.8	19.1	3.1	48	
2019	281128753		2	62	2_62	2_62_2019	2	70	2_70	2_70_2019	5		140			yes	cross	272107855	278172156	281128501	unk		21	54	25.7	180	188	168	199	55	724	17	594	1.3	9.1	3	15.5	no match
2019	281128751		2	62	2_62	2_62_2019	2	70	2_70	2_70_2019	5		140			yes	cross	272107855	278172156	281128501	unk		14.8	46	25.4	158	179	203	28	55	724	10.5	594	2.2	5.9	2.4	29.7	no match
2019	278171886		2	68	2_68	2_68_2019	2	103	2_103	2_103_2019	6	2_105_2019	129	140		yes	cross	272106822	272107786	263114244	272106664	281128742	23.5	58	26.4	148	224	212	221	154	798	18.5	655	9.7	31.7	11.3	15.1	
2019	278171884		2	68	2_68	2_68_2019	2	68	2_68	2_68_2019	8	2_111_2019	129	125		yes	home	272106822	272106822	263114244	263114244	259122557	20.8	49	25.9	215	245	264	209	166	798	16.5	655	9.1	23.2	5.8	10.4	
2019	278171881		2	68	2_68	2_68_2019	2	68	2_68	2_68_2019	8	2_68_2019	129	129		yes	home	272106822	272106822	263114244	263114244	263114244	19	39	24.3	159	221	187	218	68	798	14.25	655	4.1	14.8	3.8	12.2	
2019	278171882		2	68	2_68	2_68_2019	2	68	2_68	2_68_2019	8	2_111_2019	129	125		yes	home	272106822	272106822	263114244	263114244	259122557	18	49	24.9	286	290	319	227	92	798	15.25	655	2.5	8.8	4.7	21	
2019	278171883		2	68	2_68	2_68_2019	2	113	#N/A	2_113_2019	6	2_117_2019	128	138		yes	cross	272106822	281128604	263114244	259122557	281128726	19.8	56	25.4	165	220	257	198	69	798	15.25	655	1.9	27	4.7	11.7	
2019	278171885		2	68	2_68	2_68_2019	2	113	#N/A	2_113_2019	6		128			yes	cross	272106822	281128604	263114244	259122557		22	54	24.7	174	216	174	211	164	798	18.5	655	5.3	29.6	10	37.6	no matches
2019	278172290		2	72	2_72	2_72_2019	2	34	2_34	2_34_2019	5	2_32_2019	145	135		yes	cross	281128603	278172162	278172288	281128516	278172169	21.5	56	25.5	183	208	192	188	122	734	19	563	3	6.4	5	16.5	
2019	278172293		2	72	2_72	2_72_2019	2	34	2_34	2_34_2019	5	2_34_2019	145	145		yes	cross	281128603	278172162	278172288	281128516	281128516	20	53	25.5	176	226	249	276	97	734	18	563	0.5	10.6	5.4		
2019	278172291		2	72	2_72	2_72_2019	2	72	2_72	2_72_2019	5		144			yes	home	281128603	281128603	278172288	278172288		18	54	24.5	226	277	240	242	78	734	15.5	563	1.6	27.9	8.8	19.2	no match
2019	278172289	Partial	2	72	2_72	2_72_2019	2	unk	#N/A	2_unk_2019						yes	unk	281128603	unk	278172288	unk		18	46	24	186	193	214	266	55	734	16.75	563	0.5	17.9	4.4	10.7	These nestlings do not match the putative parents. Likely some mistake with cross fostering that is not resolveable.
2019	278172292	Partial	2	72	2_72	2_72_2019	2	unk	#N/A	2_unk_2019						yes	unk	281128603	unk	278172288	unk		19.3	53	25	187	197	230	289	97	734	17.75	563	0.7	19.8	2.7	19.9	These nestlings do not match the putative parents. Likely some mistake with cross fostering that is not resolveable.
2019	281128813		2	75	2_75	2_75_2019	2	122	2_122	2_122_2019	5		137			yes	cross	278172154	272107698	278172170	262126105		16.3	39	23.7	193	250	265	172	198	754	16.25	559	2.5	2.5	4	14.2	no match
2019	281128810		2	75	2_75	2_75_2019	2	122	2_122	2_122_2019	5	2_122_2019	137	137		yes	cross	278172154	272107698	278172170	262126105	262126105	16.5	36	23.4	192	228	246	171	114	754	16.25	559	0.5	0.5	1.1	17.2	
2019	281128811		2	75	2_75	2_75_2019	2	122	2_122	2_122_2019	5	2_119_2019	137	154		yes	cross	278172154	272107698	278172170	262126105	281128772	19.3	39	24.5	195	210	233	175	150	754	18	559	1.5	1.5	1.7	29.1	
2019	281128809		2	75	2_75	2_75_2019	2	75	2_75	2_75_2019	6	2_68_2019	137	129		yes	home	278172154	278172154	278172170	278172170	263114244	14.5	35	23.2	197	190	245	187	67	754	14.5	559	0.5	0.5	1.5	12.7	
2019	281128808		2	75	2_75	2_75_2019	2	75	2_75	2_75_2019	6	Unknown	137			yes	home	278172154	278172154	278172170	278172170	272107256	13.5	31	23.2	227	265	246	199	63	754	14	559	0.5	0.6	1.2	36.5	
2019	281128812		2	75	2_75	2_75_2019	2	75	2_75	2_75_2019	6	Unknown	137			yes	home	278172154	278172154	278172170	278172170	272107256	9.3	24	22.1	190	252			173	754	7.5	559	0.5	0.5			
2019	281128524		2	78	2_78	2_78_2019	2	78	2_78	2_78_2019	4	Unknown	131			yes	home	278171896	278171896	272107256	272107256	272107256	18.8	43	25.3	194	230	229	195	59	750	20	595	14.3	25.1	4	25.5	
2019	281128526		2	78	2_78	2_78_2019	2	78	2_78	2_78_2019	4	Unknown	131			yes	home	278171896	278171896	272107256	272107256	272107256	15.8	47	24.7	163	236	190	196	130	750	18.25	595	7.6	40.9	5.6	25.8	
2019	281128525		2	78	2_78	2_78_2019	2	78	2_78	2_78_2019	4	2_75_2019	131	137		yes	home	278171896	278171896	272107256	272107256	278172170	20	47	25.3	233	252	190	190	49	750	20	595	12.1	46	3.8	34.9	
2019	281128728		2	80	2_80	2_80_2019	2	39	2_39	2_39_2019	6	2_39_2019	132	132		yes	cross	278172150	272107748	278172164	272107817	272107817	15.5	48	26.4	174	186	167	178	168	722	12.25	593	2.5	33.3	7.6	10.3	
2019	281128727		2	80	2_80	2_80_2019	2	39	2_39	2_39_2019	6	2_39_2019	132	132		yes	cross	278172150	272107748	278172164	272107817	272107817	18.5	47	26	194	170	130	139	71	722	13.5	593	30.2	57.5	7.7	38.1	
2019	281128732		2	80	2_80	2_80_2019	2	80	2_80	2_80_2019	6	2_80_2019	132	132		yes	home	278172150	278172150	278172164	278172164	278172164	18	54	25.8	195	155	125	157	63	722	13.25	593	8.2	41.1	9.8	19.1	
2019	281128731		2	80	2_80	2_80_2019	2	80	2_80	2_80_2019	6	2_80_2019	132	132		yes	home	278172150	278172150	278172164	278172164	278172164	14	49	24.8	162	133	140	178	69	722	13.25	593	8.5	36.3	5.9	24.5	
2019	281128729		2	80	2_80	2_80_2019	2	80	2_80	2_80_2019	6	2_80_2019	132	132		yes	home	278172150	278172150	278172164	278172164	278172164	15.8	49	25.4	174	118	98	128	40	722	12.75	593	14.9	40.2	9.6	25.9	
2019	281128730		2	80	2_80	2_80_2019	2	80	2_80	2_80_2019	6	2_80_2019	132	132		yes	home	278172150	278172150	278172164	278172164	278172164	18	53	26.4	195	154		199	69	722	16.5	593	7.3	24.7		42.2	
2019	281128806		2	82	2_82	2_82_2019	2	82	2_82	2_82_2019	6	2_82_2019	138	138		yes	home	278171873	278171873	272106974	272106974	272106974	12.5	32	21.9	225				59	732			22.6	20.5			
2019	281128807		2	82	2_82	2_82_2019	2	82	2_82	2_82_2019	6	2_82_2019	138	138		yes	home	278171873	278171873	272106974	272106974	272106974	11.5	24	21.1	190				176	732			3.3				
2019	281128529		2	85	2_85	2_85_2019	2	64	2_64	2_64_2019	6		142			yes	cross	281128602	278172160	278172287	272107774		14	45	24.4	202	241	223	158	184	765	15	590	3.3	9	3.6	13.1	no match
2019	281128531		2	85	2_85	2_85_2019	2	64	2_64	2_64_2019	6	2_64_2019	142	142		yes	cross	281128602	278172160	278172287	272107774	272107774	19.9	53	25.4	170	250	241	227	184	765	19.25	590	3.3	2.7	3.2	18	
2019	281128528		2	85	2_85	2_85_2019	2	64	2_64	2_64_2019	6		142			yes	cross	281128602	278172160	278172287	272107774		19	52	25.7	213	252	229	149	118	765	19	590	1.3	7.5	4.9	28.1	no match
2019	281128530		2	85	2_85	2_85_2019	2	85	2_85	2_85_2019	6		142			yes	home	281128602	281128602	278172287	278172287		17.5	52	25.8	227	228	228	222	87	765	18.5	590	0.5	1	3	9.8	no match
2019	281128527		2	85	2_85	2_85_2019	2	85	2_85	2_85_2019	6		142			yes	home	281128602	281128602	278172287	278172287		16	41	24.4	232	226	220	192	146	765	17.5	590	1.1	1.8	3.7	15.5	no match
2019	281128765		2	9	2_9	2_9_2019	2	54	2_54	2_54_2019	6	2_3_2019	141	139		yes	cross	278171877	MysteryA	272106986	278171879	272107815	16.5	43	25.5	153	170	162	254	54	823	17.5	547	0.6	23.4	1.9	28.3	Don't match genotype for anyone. Must be 2.54. Maybe have run wrong female sample or something?? Most likely sired by this male from 2.3 who is the only good match
2019	281128766		2	9	2_9	2_9_2019	2	9	2_9	2_9_2019	5	2_9_2019	142	142		yes	home	278171877	278171877	272106986	272106986	272106986	17	38	24.7	195	216	166	278	59	823	15.5	547	2.9	26	2.8	41.2	
2019	281128767		2	9	2_9	2_9_2019	2	9	2_9	2_9_2019	5	2_9_2019	142	142		yes	home	278171877	278171877	272106986	272106986	272106986	18	35	23.6	142	180	178	201	95	823	16	547	4.1	22	1.7	48.7	
2019	278172305		2	94	2_94	2_94_2019	2	94	2_94	2_94_2019	6	2_94_2019	135	135		yes	home	281128403	281128403	281128605	281128605	281128605	15	32	22.5	293		208	230	171	737	14.25	567	3.1		4.6	28	
2019	278172303		2	94	2_94	2_94_2019	2	94	2_94	2_94_2019	6	2_94_2019	135	135		yes	home	281128403	281128403	281128605	281128605	281128605	14.5	32	21.5	243	256			77	737			1.3	36.7			
2019	278172304		2	94	2_94	2_94_2019	2	94	2_94	2_94_2019	6	2_122_2019	135	137		yes	home	281128403	281128403	281128605	281128605	262126105	14	31	22.7	264	282	248		98	737	10.5	567	4	16.5	5.2		
2019	278172306		2	94	2_94	2_94_2019	2	94	2_94	2_94_2019	6	2_122_2019	135	137		yes	home	281128403	281128403	281128605	281128605	262126105	11.8	28.5	21.5	206	286	241		188	737			4.5	8.8	3.8		
2019	281128532		2	99	2_99	2_99_2019	2	72	2_72	2_72_2019	5		144			yes	cross	281128601	281128603	278171894	278172288		15.3	39	23.4		405	488	185	49	819	18.5	618	1.1	1.9	5.3	29.5	no match
2019	281128534		2	99	2_99	2_99_2019	2	99	2_99	2_99_2019	5	2_99_2019	144	144		yes	home	281128601	281128601	278171894	278171894	278171894	15.8	42	24.6	260	221	307	230	61	819	17.75	618	3.2	5	9.7	35.2	
2019	281128533	Partial	2	99	2_99	2_99_2019	2	unk	#N/A	2_unk_2019						yes	unk	281128601	unk	278171894	unk		14	37	25.1	440		337	208	69	819	17	618	2.7	6.2	4.2	38	These nestlings do not match the putative parents. Likely some mistake with cross fostering that is not resolveable.
2019	281128535	Partial	2	99	2_99	2_99_2019	2	unk	#N/A	2_unk_2019						yes	unk	281128601	unk	278171894	unk		18	44	24.8	370	384	297	190	92	819	19.5	618	3.2	14.7	4	45	This nestling matches both putative mothers and original nest cannot be resolved.